4197 (MiSTer) R 1 4196 4196 0 -1 4210944 1080 873 0 0 5127 4262 2 3 20 0 2 0 550543 77611008 1842 4294967295 65536 1173396 3198836256 0 0 0 0 0 2 0 0 0 17 1 0 0 0 0 0 1240288 1299807 17526784 3198836484 3198836606 3198836606 3198836714 0
4198 (MiSTer) S 1 4196 4196 0 -1 4210752 1080 873 0 0 5127 4263 2 3 20 0 2 0 550555 77611008 1842 4294967295 65536 1173396 3198836256 0 0 0 0 0 2 0 0 0 -1 0 0 0 0 0 0 1240288 1299807 17526784 3198836484 3198836606 3198836606 3198836714 0
4199 (devilutionx) R 4183 4199 4199 0 -1 4210944 7908 0 1 0 9830 165 0 0 20 0 2 0 550562 53137408 7347 4294967295 4857856 11332008 3203394032 0 0 0 0 7 16384 0 0 0 17 0 0 0 0 0 0 11337404 11415456 12345344 3203394372 3203394671 3203394671 3203395475 0
4204 (SDLAudioP2) S 4183 4199 4199 0 -1 4211008 7908 0 1 0 9833 165 0 0 0 -20 2 0 550612 53137408 7347 4294967295 4857856 11332008 3203394032 0 0 0 234975239 7 16384 0 0 0 -1 0 0 0 0 0 0 11337404 11415456 12345344 3203394372 3203394671 3203394671 3203395475 0
800000
4197 (MiSTer) R 1 4196 4196 0 -1 4210944 1080 873 0 0 5350 4446 2 3 20 0 2 0 550543 77611008 1842 4294967295 65536 1173396 3198836256 0 0 0 0 0 2 0 0 0 17 1 0 0 0 0 0 1240288 1299807 17526784 3198836484 3198836606 3198836606 3198836714 0
4198 (MiSTer) S 1 4196 4196 0 -1 4210752 1080 873 0 0 5350 4447 2 3 20 0 2 0 550555 77611008 1842 4294967295 65536 1173396 3198836256 0 0 0 0 0 2 0 0 0 -1 0 0 0 0 0 0 1240288 1299807 17526784 3198836484 3198836606 3198836606 3198836714 0
4199 (devilutionx) R 4183 4199 4199 0 -1 4210944 7908 0 1 0 10333 170 0 0 20 0 2 0 550562 53137408 7347 4294967295 4857856 11332008 3203394032 0 0 0 0 7 16384 0 0 0 17 0 0 0 0 0 0 11337404 11415456 12345344 3203394372 3203394671 3203394671 3203395475 0
4204 (SDLAudioP2) S 4183 4199 4199 0 -1 4211008 7908 0 1 0 10336 170 0 0 0 -20 2 0 550612 53137408 7347 4294967295 4857856 11332008 3203394032 0 0 0 234975239 7 16384 0 0 0 -1 0 0 0 0 0 0 11337404 11415456 12345344 3203394372 3203394671 3203394671 3203395475 0
800000
VERBOSE: Closing /media/fat/saves/Diablo/single_1.sv
VERBOSE: Re-encoding dungeon CELs: 3,547 frames, 2,176,004 bytes
VERBOSE:  Re-encoded dungeon CELs: 3,547 frames, 2,107,478 bytes. Extracted 34 foliage tiles.
VERBOSE: Loading palette from levels\towndata\town.pal
VERBOSE: Load thread finished in 3068ms
Diablo MiSTer PCM health changed: queued=0 local_queue=8232 producer=2456484 consumer=2456484 underrun=161 resync=0 callbacks=1102 drops=0 frames=2456484 dropped_frames=0
Diablo MiSTer PCM health changed: queued=0 local_queue=8437 producer=3548750 consumer=3548750 underrun=244 resync=0 callbacks=1592 drops=0 frames=3548750 dropped_frames=0
Diablo MiSTer PCM health changed: queued=0 local_queue=7637 producer=4674454 consumer=4674454 underrun=326 resync=0 callbacks=2097 drops=0 frames=4674454 dropped_frames=0
Diablo MiSTer PCM health changed: queued=0 local_queue=4458 producer=5746658 consumer=5746658 underrun=369 resync=0 callbacks=2578 drops=0 frames=5746658 dropped_frames=0
Diablo MiSTer PCM health changed: queued=0 local_queue=6867 producer=5820219 consumer=5820219 underrun=407 resync=0 callbacks=2611 drops=0 frames=5820219 dropped_frames=0
DIABLO_MISTER_TRANSPORT=1
DIABLO_MISTER_SHARED_PHYS=0x3fe00000
DIABLO_MISTER_CANDIDATE_ID=098d98e6c084d52126aa30ad5806decc0fe8384b5f13b79d849551a00a3f7a01
DIABLO_MISTER_ADMISSION_FILE=/tmp/diablo-098d98e6c084d521/admission.txt
DIABLO_MISTER_TRANSPORT_LOCK=/tmp/diablo-098d98e6c084d521/transport.lock
DIABLO_MISTER_TRANSPORT_LOCK_FD=3
DIABLO_MISTER_SESSION_EPOCH=0x4e47457c
DIABLO_MISTER_FORCE_FRAME_PACING=1
